1 1.0008 1.00159 0.997611 0.993629 1.00398 1.01433 0.994427 0.97452 1.00716 1.03981 0.991251 0.942696 1.01033 1.07796 0.988104 0.898247 1.01345 1.12865 0.985027 
1 0.500797 0.00159329 0.49761 0.993627 0.503983 0.0143391 0.494425 0.97451 0.507166 0.0398217 0.491247 0.942673 0.510332 0.0779919 0.488099 0.898206 0.513452 0.128699 0.485021 
1 0.000796961 -0.998406 -0.00239086 0.993624 0.00398458 -0.985655 -0.00557759 0.9745 0.00716877 -0.960162 -0.00875613 0.94265 0.0103366 -0.921977 -0.0119058 0.898165 0.0134578 -0.87125 -0.0149848 
1 0.500795 0.00159075 0.497604 0.993617 0.503967 0.0143163 0.494393 0.97447 0.507114 0.0397583 0.49117 0.942582 0.510225 0.0778676 0.487956 0.898044 0.513269 0.128493 0.484792 
1 1.00079 1.00159 0.997598 0.993609 1.00395 1.01429 0.994363 0.974439 1.00706 1.03968 0.991096 0.942513 1.01011 1.07771 0.987817 0.897922 1.01308 1.12824 0.984568 
1 0.500798 0.00159582 0.497596 0.993596 0.503979 0.0143619 0.494375 0.974388 0.507137 0.0398851 0.491142 0.942399 0.510258 0.0781162 0.487918 0.897719 0.513312 0.128904 0.484744 
1 0.000802034 -0.998396 -0.00240608 0.993584 0.00400995 -0.985564 -0.0056131 0.974338 0.00721442 -0.959909 -0.00881192 0.942285 0.0104025 -0.92148 -0.0119819 0.897516 0.013544 -0.870428 -0.0150811 
1 0.500794 0.00158821 0.497577 0.993566 0.50393 0.0142934 0.49428 0.974267 0.506981 0.0396949 0.49091 0.942125 0.509934 0.0777434 0.487488 0.897232 0.51276 0.128288 0.484055 
1 1.00079 1.00157 0.99756 0.993548 1.00385 1.01415 0.994173 0.974196 1.00675 1.0393 0.990632 0.941965 1.00947 1.07697 0.986957 0.896948 1.01198 1.127 0.983191 
1 0.500799 0.00159836 0.497562 0.993525 0.503955 0.0143848 0.494245 0.974104 0.507026 0.0399485 0.490854 0.94176 0.51 0.0782404 0.487412 0.896583 0.512846 0.129109 0.483959 
1 0.00081218 -0.998376 -0.00243652 0.993503 0.00406067 -0.985381 -0.00568411 0.974013 0.00730571 -0.959402 -0.00892348 0.941555 0.0105344 -0.920486 -0.012134 0.896218 0.0137163 -0.868785 -0.0152737 
1 0.500793 0.00158568 0.49753 0.993475 0.503873 0.0142706 0.494086 0.973901 0.506766 0.0396315 0.490468 0.941304 0.509461 0.0776193 0.486696 0.895772 0.511927 0.128083 0.482812 
1 1.00077 1.00155 0.997497 0.993447 1.00368 1.01392 0.993856 0.97379 1.00623 1.03866 0.989859 0.941053 1.00839 1.07572 0.985525 0.895326 1.01014 1.12495 0.980898 
1 0.5008 0.0016009 0.497507 0.993414 0.503911 0.0144076 0.494033 0.973658 0.506835 0.0400118 0.490384 0.940756 0.50956 0.0783644 0.486582 0.894799 0.512057 0.129314 0.482668 
1 0.000827399 -0.998345 -0.00248217 0.993381 0.00413675 -0.985107 -0.00579061 0.973526 0.0074426 -0.958641 -0.00909073 0.940459 0.0107319 -0.918996 -0.0123618 0.894272 0.0139744 -0.866323 -0.015562 
1 0.500792 0.00158314 0.497463 0.993343 0.503795 0.0142478 0.493811 0.973374 0.506471 0.0395682 0.489843 0.940117 0.508806 0.0774953 0.48558 0.893664 0.510771 0.127878 0.481064 
1 1.00076 1.00151 0.997408 0.993305 1.00345 1.0136 0.993412 0.973222 1.0055 1.03778 0.988776 0.939775 1.00688 1.07399 0.983521 0.893056 1.00757 1.12208 0.977691 
1 0.500802 0.00160343 0.497433 0.993262 0.503846 0.0144304 0.49374 0.973049 0.506562 0.0400751 0.489731 0.939388 0.508938 0.0784883 0.485428 0.892368 0.510943 0.129518 0.480872 
1 0.000847691 -0.998305 -0.00254304 0.993219 0.00423818 -0.984742 -0.00593256 0.972877 0.00762502 -0.957627 -0.00931358 0.939 0.0109951 -0.91701 -0.0126653 0.891679 0.014318 -0.863043 -0.0159457 
1 0.50079 0.0015806 0.497375 0.99317 0.503698 0.014225 0.493455 0.972684 0.506095 0.0395049 0.489036 0.938567 0.507969 0.0773716 0.484141 0.89091 0.509292 0.127675 0.478813 
