1 1.70683 1.00159 1.70457 0.993629 1.70003 1.01433 1.69318 0.97452 1.68394 1.03981 1.67223 0.942696 1.65796 1.07796 1.64101 0.898247 1.62124 1.12865 1.59853 0.841407 
1 1.41421 0.00238898 -0.00169329 -1.00637 -0.00847983 0.0119444 1.39831 0.974515 1.39357 0.0437874 -0.0317704 -1.05729 -0.0527959 0.0723866 1.34388 0.898226 1.33312 0.135814 -0.10321 -1.15856 
1 0.707622 -0.998406 0.702179 0.993624 0.704015 -0.985655 0.687603 0.9745 0.691105 -0.960162 0.663473 0.94265 0.668314 -0.921977 0.629064 0.898165 0.634781 -0.87125 0.583397 0.84128 
1 0.000563536 -0.000796325 1.4142 -1.00636 1.4029 0.0215003 -0.019817 0.974475 -0.0155264 0.0278612 1.38857 -1.0572 1.354 0.0946829 -0.0786537 0.898064 -0.0713595 0.107148 1.3215 -1.15831 
1 -0.293174 1.00159 -0.29542 0.993609 -0.299935 1.01429 -0.30676 0.974439 -0.315959 1.03968 -0.327614 0.942513 -0.341824 1.07771 -0.358706 0.897922 -0.37839 1.12824 -0.401015 0.8409 
1 -0.00168792 0.00557428 1.40744 -1.00634 1.41414 0.00238877 -0.00400697 0.974393 -0.0357241 0.0597127 1.36369 -1.05702 1.38313 0.050093 -0.0446704 0.897739 -0.109385 0.164474 1.27839 -1.1578 
1 0.704436 -0.998396 0.711735 0.993584 0.688089 -0.985564 0.7099 0.974338 0.662439 -0.959909 0.698508 0.942285 0.62691 -0.92148 0.676835 0.897516 0.580642 -0.870428 0.643902 0.840266 
1 1.41196 -0.00398161 -0.00842607 -1.00631 0.00284887 0.0310555 1.41394 0.974272 1.37309 0.011938 -0.0562173 -1.05674 -0.0230663 0.116971 1.37705 0.897252 1.29407 0.0784999 -0.145016 -1.15704 
1 1.70682 1.00157 1.70452 0.993548 1.69991 1.01415 1.69293 0.974196 1.68353 1.0393 1.67162 0.941965 1.6571 1.07697 1.63987 0.896948 1.61978 1.127 1.5967 0.839379 
1 1.41646 0.00875953 0.00510397 -1.00627 -0.0196288 -0.00716578 1.38233 0.974109 1.41348 0.0756329 -0.0064592 -1.05638 -0.0813069 0.0278133 1.3091 0.896603 1.37009 0.193105 -0.0588346 -1.15603 
1 0.710807 -0.998376 0.692624 0.993503 0.71994 -0.985381 0.66531 0.974013 0.719765 -0.959402 0.628449 0.941555 0.7097 -0.920486 0.581319 0.896218 0.68888 -0.868785 0.522948 0.838238 
1 0.00282216 -0.00716683 1.4209 -1.00622 1.39149 0.0406092 -0.0352726 0.973907 0.00524609 -0.00397815 1.41257 -1.05592 1.32368 0.13924 -0.110994 0.895792 -0.0313038 0.0498927 1.36196 -1.15476 
1 -0.293163 1.00155 -0.295329 0.993447 -0.299681 1.01392 -0.306263 0.97379 -0.315138 1.03866 -0.326387 0.941053 -0.34011 1.07572 -0.356424 0.895326 -0.375459 1.12495 -0.397355 0.836845 
1 -0.00393218 0.0119447 1.40061 -1.00616 1.4252 -0.0167184 0.0121496 0.973663 -0.0553304 0.091544 1.33795 -1.05538 1.41101 0.0055585 -0.00912217 0.894819 -0.145268 0.221683 1.23279 -1.15324 
1 0.701251 -0.998345 0.72129 0.993381 0.672165 -0.985107 0.732188 0.973526 0.63379 -0.958641 0.733511 0.940459 0.585559 -0.918996 0.724525 0.894272 0.526623 -0.866323 0.704241 0.835199 
1 1.4097 -0.010352 -0.0150937 -1.00609 0.0143544 0.0501604 1.42922 0.973379 1.35203 -0.0198832 -0.0797701 -1.05474 0.00783089 0.161478 1.40854 0.893684 1.25304 0.0213503 -0.1841 -1.15147 
1 1.7068 1.00151 1.70439 0.993305 1.69953 1.0136 1.69218 0.973222 1.68229 1.03778 1.66978 0.939775 1.65453 1.07399 1.63645 0.893056 1.61539 1.12208 1.59121 0.833301 
1 1.4187 0.0151298 0.0119651 -1.006 -0.0305953 -0.0262681 1.366 0.973055 1.43278 0.107442 0.0196851 -1.05401 -0.10855 -0.0166603 1.2728 0.892388 1.40486 0.250184 -0.0120519 -1.14944 
1 0.713992 -0.998305 0.683069 0.993219 0.73586 -0.984742 0.64303 0.972877 0.748396 -0.957627 0.593478 0.939 0.750997 -0.91701 0.533711 0.891679 0.742781 -0.863043 0.462776 0.831152 
1 0.00508792 -0.013537 1.42754 -1.00591 1.37989 0.0597084 -0.050366 0.972689 0.0265763 -0.0357731 1.43567 -1.05319 1.29222 0.183674 -0.141619 0.89093 0.0106649 -0.00710402 1.39963 -1.14717 
1 -0.293143 1.00147 -0.295146 0.993122 -0.299174 1.01319 -0.305269 0.972492 -0.313495 1.03664 -0.323933 0.938134 -0.336685 1.07175 -0.351866 0.890141 -0.369607 1.11839 -0.390049 0.828751 
