10 10.02 10.08 10.18 10.32 10.4999 10.7198 10.9796 11.2791 11.6182 11.9967 
10 10.02 10.08 10.18 10.3199 10.4998 10.7197 10.9794 11.2788 11.6178 11.9962 
10 10.02 10.0799 10.1798 10.3197 10.4994 10.7191 10.9786 11.2778 11.6166 11.9947 
10 10.02 10.0798 10.1796 10.3193 10.4988 10.7182 10.9774 11.2762 11.6146 11.9922 
10 10.0199 10.0797 10.1793 10.3187 10.4979 10.717 10.9757 11.274 11.6117 11.9887 
10 10.0199 10.0795 10.1789 10.318 10.4968 10.7153 10.9735 11.2711 11.6081 11.9842 
10 10.0198 10.0793 10.1784 10.3171 10.4954 10.7134 10.9708 11.2676 11.6037 11.9787 
10 10.0198 10.079 10.1778 10.3161 10.4938 10.711 10.9676 11.2635 11.5984 11.9722 
10 10.0197 10.0787 10.1771 10.3149 10.4919 10.7083 10.9639 11.2587 11.5923 11.9647 
10 10.0196 10.0784 10.1764 10.3135 10.4898 10.7053 10.9598 11.2532 11.5854 11.9562 
10 10.0195 10.078 10.1755 10.312 10.4875 10.7018 10.9551 11.2471 11.5778 11.9467 
